0001_0015_0016_0089_0089.jpg 1 15 16 89 89
0002_0018_0051_0056_0056.jpg 1 18 51 56 56
0003_0031_0018_0072_0072.jpg 1 31 18 72 72
0004_0020_0010_0083_0083.jpg 1 20 10 83 83
0005_0022_0044_0069_0069.jpg 1 22 44 69 69
0006_0052_0009_0065_0065.jpg 1 52 9 65 65
0007_0018_0036_0097_0097.jpg 1 18 36 97 97
0008_0077_0069_0038_0038.jpg 1 77 69 38 38
0009_0033_0025_0095_0095.jpg 1 33 25 95 95
0010_0043_0033_0090_0090.jpg 1 43 33 90 90
0011_0025_0042_0077_0077.jpg 1 25 42 77 77
0012_0019_0040_0078_0078.jpg 1 19 40 78 78
0013_0068_0060_0024_0024.jpg 1 68 60 24 24
0014_0048_0018_0037_0037.jpg 1 48 18 37 37
0015_0066_0020_0056_0056.jpg 1 66 20 56 56
0016_0055_0065_0037_0037.jpg 1 55 65 37 37
0017_0026_0008_0103_0103.jpg 1 26 8 103 103
0018_0017_0031_0086_0086.jpg 1 17 31 86 86
0019_0052_0072_0035_0035.jpg 1 52 72 35 35
0020_0037_0019_0102_0102.jpg 1 37 19 102 102
0021_0011_0044_0094_0094.jpg 1 11 44 94 94
0022_0061_0018_0040_0040.jpg 1 61 18 40 40
0023_0022_0028_0062_0062.jpg 1 22 28 62 62
0024_0019_0039_0100_0100.jpg 1 19 39 100 100
0025_0015_0042_0094_0094.jpg 1 15 42 94 94
0026_0016_0023_0095_0095.jpg 1 16 23 95 95
0027_0017_0017_0029_0029.jpg 1 17 17 29 29
0028_0021_0016_0096_0096.jpg 1 21 16 96 96
0029_0028_0047_0090_0090.jpg 1 28 47 90 90
0030_0028_0014_0071_0071.jpg 1 28 14 71 71
0031_0039_0020_0099_0099.jpg 1 39 20 99 99
0032_0027_0040_0083_0083.jpg 1 27 40 83 83
0033_0029_0006_0095_0095.jpg 1 29 6 95 95
0034_0059_0065_0068_0068.jpg 1 59 65 68 68
0035_0069_0067_0053_0053.jpg 1 69 67 53 53
0036_0025_0022_0095_0095.jpg 1 25 22 95 95
0037_0020_0023_0085_0085.jpg 1 20 23 85 85
0038_0033_0029_0094_0094.jpg 1 33 29 94 94
0039_0037_0035_0074_0074.jpg 1 37 35 74 74
0040_0015_0024_0033_0033.jpg 1 15 24 33 33
0041_0060_0024_0068_0068.jpg 1 60 24 68 68
0042_0013_0014_0079_0079.jpg 1 13 14 79 79
0043_0023_0015_0040_0040.jpg 1 23 15 40 40
0044_0033_0008_0082_0082.jpg 1 33 8 82 82
0045_0015_0046_0068_0068.jpg 1 15 46 68 68
0046_0015_0064_0060_0060.jpg 1 15 64 60 60
0047_0020_0028_0102_0102.jpg 1 20 28 102 102
0048_0078_0044_0035_0035.jpg 1 78 44 35 35
0049_0084_0097_0024_0024.jpg 1 84 97 24 24
0050_0050_0054_0075_0075.jpg 1 50 54 75 75
0051_0017_0066_0025_0025.jpg 1 17 66 25 25
0052_0068_0014_0049_0049.jpg 1 68 14 49 49
0053_0014_0030_0047_0047.jpg 1 14 30 47 47
0054_0025_0038_0067_0067.jpg 1 25 38 67 67
0055_0051_0021_0082_0082.jpg 1 51 21 82 82
0056_0039_0024_0052_0052.jpg 1 39 24 52 52
0057_0041_0027_0079_0079.jpg 1 41 27 79 79
0058_0038_0069_0032_0032.jpg 1 38 69 32 32
0059_0041_0080_0037_0037.jpg 1 41 80 37 37
0060_0060_0023_0062_0062.jpg 1 60 23 62 62
0061_0038_0022_0098_0098.jpg 1 38 22 98 98
0062_0012_0079_0027_0027.jpg 1 12 79 27 27
0063_0063_0030_0039_0039.jpg 1 63 30 39 39
0064_0033_0043_0063_0063.jpg 1 33 43 63 63
0065_0030_0061_0069_0069.jpg 1 30 61 69 69
0066_0048_0014_0088_0088.jpg 1 48 14 88 88
0067_0032_0014_0074_0074.jpg 1 32 14 74 74
0068_0024_0049_0029_0029.jpg 1 24 49 29 29
0069_0036_0080_0025_0025.jpg 1 36 80 25 25
0070_0081_0048_0035_0035.jpg 1 81 48 35 35
0071_0037_0058_0069_0069.jpg 1 37 58 69 69
0072_0037_0035_0100_0100.jpg 1 37 35 100 100
0073_0023_0046_0065_0065.jpg 1 23 46 65 65
0074_0026_0012_0089_0089.jpg 1 26 12 89 89
0075_0034_0019_0090_0090.jpg 1 34 19 90 90
0076_0014_0024_0103_0103.jpg 1 14 24 103 103
0077_0010_0033_0092_0092.jpg 1 10 33 92 92
0078_0071_0017_0055_0055.jpg 1 71 17 55 55
0079_0006_0037_0099_0099.jpg 1 6 37 99 99
0080_0082_0022_0044_0044.jpg 1 82 22 44 44
0081_0021_0082_0045_0045.jpg 1 21 82 45 45
0082_0016_0034_0097_0097.jpg 1 16 34 97 97
0083_0021_0032_0044_0044.jpg 1 21 32 44 44
0084_0039_0040_0097_0097.jpg 1 39 40 97 97
0085_0064_0014_0063_0063.jpg 1 64 14 63 63
0086_0009_0037_0075_0075.jpg 1 9 37 75 75
0087_0077_0064_0044_0044.jpg 1 77 64 44 44
0088_0029_0056_0033_0033.jpg 1 29 56 33 33
0089_0057_0045_0066_0066.jpg 1 57 45 66 66
0090_0024_0033_0089_0089.jpg 1 24 33 89 89
0091_0038_0046_0063_0063.jpg 1 38 46 63 63
0092_0036_0017_0062_0062.jpg 1 36 17 62 62
0093_0037_0031_0088_0088.jpg 1 37 31 88 88
0094_0045_0029_0075_0075.jpg 1 45 29 75 75
0095_0054_0022_0081_0081.jpg 1 54 22 81 81
0096_0017_0019_0078_0078.jpg 1 17 19 78 78
0097_0035_0030_0093_0093.jpg 1 35 30 93 93
0098_0015_0023_0102_0102.jpg 1 15 23 102 102
0099_0032_0067_0051_0051.jpg 1 32 67 51 51
0100_0030_0043_0060_0060.jpg 1 30 43 60 60
